3 7 14 650 4744 1314 4841 2140 1485 
4 6 345 5032 27 2495 5114 5136 
3 5 4556 1145 4583 4606 3233 
3 5 4704 2073 4632 4589 4538 
3 3 4427 2115 222 
2 5 3942 3918 2338 3924 1536 
3 3 4554 4575 8223 
3 9 4563 4531 3288 298 4407 592 2444 3185 2023 
3 3 3295 870 4583 
3 4 2930 1783 4630 2748 
3 6 512 4928 1686 129 4980 4948 
3 6 4563 4631 4668 4672 358 4766 
2 12 4563 4545 1482 4454 2800 2685 4358 625 80 3039 4406 4398 
3 2 3923 1691 
2 4 4520 2365 4519 2462 
3 4 4427 4388 4387 3262 
2 9 3942 1043 4010 3229 4112 3134 4229 4275 222 
2 10 2030 3558 690 1706 3584 520 3570 2346 12 367 
2 9 3376 1955 895 2437 3377 2427 1195 3400 3413 
3 19 3415 6601 1277 2145 1980 230 3386 3397 3412 1502 1934 3434 526 3437 2619 3414 621 1899 2540 
2 3 4145 4122 365 
3 5 1691 4002 89 2443 2003 
4 15 2912 4466 2910 4320 1774 4227 40 4184 4144 4106 4099 2003 2162 3254 3890 
2 4 1377 2870 2749 4415 
1 7 1377 446 4321 2309 4441 4485 1827 
3 4 1793 2530 324 4820 
2 5 4612 2234 4728 3144 273 
4 4 501 3510 208 2020 
3 3 1074 394 3491 
2 6 3607 3245 1450 1013 3662 3280 
3 4 95 2244 3629 3642 
2 5 3607 1703 2390 3615 3625 
3 4 1394 3445 1771 2020 
3 3 2930 1501 4554 
2 3 2967 2573 4744 
3 4 4796 4803 4766 1485 
5 15 1962 3669 672 3696 3712 546 3745 3727 1491 3777 2945 3817 3833 3857 3860 
3 2 3900 3860 
1 5 2007 797 3101 789 1441 
1 4 3795 1254 47 3900 
2 3 3900 636 3953 
4 10 1536 3943 3979 1215 4069 905 1081 4225 410 4310 
4 5 4310 4276 1790 4325 4428 
3 4 4538 4487 3031 4428 
4 5 1536 2499 3847 1805 3793 
4 9 3212 3678 49 697 2167 3719 3735 3764 3793 
3 5 3212 619 3693 425 3715 
2 7 3212 3708 3722 3751 3784 444 1050 
1 5 3897 3867 438 3854 1050 
1 4 3124 3744 1133 3724 
3 8 3415 1610 587 1871 2666 601 3499 2454 
2 9 1457 3465 3155 3496 931 990 194 3530 2030 
2 3 227 3398 3415 
3 6 2454 1386 3456 2461 1276 987 
2 4 1428 840 3750 525 
2 6 1056 1428 3303 545 3701 3702 
4 5 1962 3680 127 3679 1441 
2 3 3565 1009 3576 
1 4 1853 306 23 3371 
1 3 306 3351 1799 
1 2 23 1799 
4 7 1827 4599 688 792 808 627 4820 
3 5 4612 2449 4711 2663 4820 
3 4 1691 4020 2436 4136 
2 4 4136 2741 4219 446 
4 5 3890 336 1768 3888 2795 
1 5 2795 428 3883 3864 639 
3 10 6601 3429 3444 3455 3476 3507 1116 367 3525 3523 
3 6 1610 65 1867 3411 765 987 
1 6 1955 2640 1331 453 3342 215 
2 6 2540 1297 583 2747 245 424 
2 3 3523 590 931 
1 5 6993 427 351 1257 6994 
3 7 4704 1550 4800 1710 423 8224 1329 
3 3 4427 279 4520 
3 5 4704 781 4614 4564 4520 
2 4 3795 1169 3823 3860 
1 5 3906 3941 349 4016 4065 
3 4 3906 3911 1999 3875 
3 6 3875 3179 3811 1048 3828 3813 
1 9 1148 1259 604 2472 146 3080 3877 892 3828 
3 9 3813 3786 148 2686 421 2664 729 3846 1148 
3 2 1148 2344 
1 4 2344 2170 2785 538 
1 5 3795 2007 3785 993 3124 
2 4 3702 614 820 789 
2 7 3300 3657 3666 34 3667 2568 1341 
1 3 1056 3685 3300 
3 4 2449 4611 4560 2754 
1 2 4415 2754 
2 6 4916 1087 2962 5043 1346 5136 
2 3 4453 4398 4377 
2 6 4612 3172 4613 1788 4649 85 
4 3 2712 1793 5032 
3 5 4916 1903 4827 4822 1123 
3 3 2541 1554 2581 
1 6 4916 4961 5009 2206 1401 5161 
3 5 5206 1941 5207 200 5161 
3 5 4606 1059 4702 4754 4796 
3 4 4492 4518 4552 8223 
2 3 2967 4753 1634 
1 3 2930 4743 4794 
2 3 1634 4794 4816 
2 2 512 1329 
3 3 4899 4840 1634 
3 7 129 4948 4922 4895 2699 1413 2140 
4 11 308 5003 2040 1597 1383 5200 5288 5318 5357 3064 5412 
3 5 308 4956 1112 4884 4845 
4 6 308 2946 4970 4925 2636 4845 
4 23 4845 4854 4873 4896 4924 4969 5005 68 5077 5131 2900 5250 5258 5218 5198 2199 5280 3077 5362 1815 1872 5506 5555 
3 3 4845 3234 4769 
2 4 3136 4730 3066 2009 
2 9 4768 4692 4757 1101 6491 2009 1797 1447 4896 
4 4 6418 6407 6392 2187 
4 4 6440 6452 670 2456 
4 4 6819 5826 2395 5901 
3 7 5932 41 5901 5862 964 5786 2208 
3 5 6819 2290 5827 824 5932 
3 7 5894 141 196 5796 2934 5755 1296 
3 6 1263 2061 1444 6124 6123 6142 
3 4 1263 1997 6076 2958 
2 5 2958 2952 6046 1174 6124 
3 3 2958 5987 1301 
4 2 1123 273 
4 7 273 2775 4698 85 62 1069 94 
3 6 2581 4789 4738 4690 4671 94 
3 5 2581 1047 4782 1860 4723 
2 7 2581 4848 405 4926 4973 4986 120 
3 3 4916 1651 2541 
3 4 2541 4939 561 2059 
3 4 5161 1738 519 2059 
1 3 5161 867 2690 
2 4 344 4273 1471 4244 
2 5 1682 4442 4529 4578 94 
4 5 4641 533 1781 4513 866 
2 8 866 4499 3085 4491 3109 4462 2675 4377 
4 3 866 4405 4352 
4 3 4641 2148 94 
3 6 3052 4433 4482 4490 1620 94 
1 4 2081 2195 142 1682 
3 3 1682 4331 344 
2 3 344 4243 4198 
1 6 4198 2413 3100 2969 1392 4062 
2 2 4198 1129 
3 5 4791 25 2550 4761 4723 
2 6 4723 2643 4691 974 996 2485 
2 4 2748 1948 4700 2485 
4 2 2919 5206 
1 6 639 2903 666 1817 1390 3665 
1 6 1893 2218 2584 1676 837 3392 
1 7 1893 2596 642 91 732 3079 3480 
2 3 3469 886 3464 
4 6 501 3514 2272 715 3520 107 
4 3 501 3526 2885 
2 5 2885 112 3547 186 3576 
3 2 3607 95 
1 2 1448 3565 
3 3 95 3578 3565 
4 2 2885 2828 
2 3 1394 417 305 
4 2 2020 3491 
3 3 3491 685 3459 
1 4 497 769 2671 1514 
2 2 1394 1514 
3 3 1514 1000 881 
3 2 95 3598 
3 5 1125 3533 659 1274 3491 
3 2 1448 1074 
3 6 3573 1342 3561 464 2224 3564 
2 5 3564 3549 3063 663 3480 
2 9 3480 3492 1152 3478 348 3515 7 1996 439 
1 6 3300 3 3627 3616 1213 3573 
3 3 1962 173 3628 
3 9 676 2621 2585 3575 2241 2932 3623 1012 3628 
1 4 3469 408 1278 3540 
2 3 3469 392 3459 
2 4 1441 3670 1203 1341 
1 6 1341 18 110 3580 812 1937 
3 4 3573 2762 1525 1937 
1 8 1893 195 1488 768 2997 647 989 2361 
2 3 2361 3383 868 
2 7 3392 2013 2693 105 1517 3485 439 
1 4 3392 108 3401 868 
1 17 104 178 2036 907 3337 266 1140 3286 3333 8220 187 1881 399 236 700 1139 3353 
2 3 439 1826 2965 
3 4 1937 2774 3538 2965 
2 4 2965 927 3529 3539 
3 5 676 3519 489 3512 3495 
3 3 2965 3505 76 
3 4 868 1792 26 3433 
3 6 3433 908 3420 3403 1166 3390 
2 4 2361 2475 1462 3353 
2 4 3353 209 530 569 
3 3 3390 1322 418 
2 5 681 2401 400 3451 3464 
3 6 881 3408 3399 763 3394 706 
3 3 76 1175 3433 
3 8 3495 264 57 2393 2424 3481 364 76 
3 6 1690 1600 3252 2441 1481 1646 
1 4 3464 126 3502 1690 
3 5 1690 286 3532 213 3540 
3 3 1125 198 548 
2 2 3540 1125 
3 4 418 3396 1223 706 
2 3 593 1671 3361 
2 7 569 220 1527 3360 32 1177 104 
1 3 569 219 3390 
2 2 497 1007 
2 3 3361 3373 1007 
1 5 104 434 55 1155 3361 
2 6 418 1480 164 73 172 593 
1 3 706 3384 593 
2 4 681 3463 602 1646 
3 3 681 39 418 
3 2 1646 3495 
2 6 3665 3639 2090 1245 1552 3564 
1 6 3628 591 3597 3011 313 3539 
3 3 3539 192 676 
1 4 881 3443 2215 3491 
2 3 95 607 3533 
5 5 5904 5900 2098 5866 5919 
5 5 6067 6035 919 2527 5904 
4 5 6229 6202 951 1199 6106 
4 4 1199 6072 876 6059 
4 3 6073 2274 6059 
4 5 6059 6022 1077 5948 5919 
1 4 4980 5028 5076 1883 
5 3 6195 3323 6263 
2 6 6244 6233 2611 6253 1108 6245 
5 3 6067 597 201 
5 6 6021 6019 1869 2673 5877 2813 
4 7 6229 1098 3154 2506 452 2960 2166 
2 7 6229 1727 6237 2265 6167 24 6073 
2 8 6168 1498 2896 6196 2972 6125 1266 6115 
2 3 1187 5727 5731 
5 9 1241 2964 2876 2447 5731 2913 2750 5878 5919 
4 5 5904 5865 1971 5801 901 
3 7 5904 3320 5790 2156 1375 3098 1736 
5 4 2166 6301 2052 6263 
3 4 6263 851 2776 6369 
2 4 103 6367 6376 3193 
5 9 3193 2466 6349 6332 6308 1487 6299 2957 6244 
3 5 6396 3232 6436 6443 2247 
5 12 2166 1264 6373 6382 6398 2188 6429 1214 6446 6457 1292 1767 
5 4 1767 6480 1142 2247 
5 5 2247 2780 6459 100 1157 
1 3 1157 1358 6396 
3 3 6396 1379 6369 
5 6 1157 6433 6425 3018 2194 3193 
1 4 6168 161 1216 2077 
2 6 6168 6177 6210 3115 6181 6169 
2 7 6169 1953 1452 284 3218 5955 5920 
1 4 6169 6140 505 6069 
1 3 6169 6200 6220 
1 5 2077 6032 6004 1900 2726 
1 4 2077 5991 2941 5920 
2 6 5920 5913 5861 5821 5767 874 
4 2 1044 6115 
3 6 6115 6089 2093 1504 2439 2726 
3 5 2726 2909 5852 5804 874 
3 6 874 2516 5691 5626 5623 775 
2 4 6245 6238 6219 6195 
2 6 6245 2112 289 950 6341 103 
2 3 103 6351 6369 
5 5 6244 6212 767 2549 6155 
5 7 6055 1697 1542 2740 257 6163 6195 
3 4 1803 5918 5876 2813 
5 4 6155 6119 97 3024 
5 6 6155 6188 6151 6139 2503 6143 
2 6 5752 1187 5680 992 5588 5540 
1 5 775 2184 5672 3093 961 
3 9 775 5580 5578 5571 5607 5566 5565 2787 5540 
3 7 5535 5486 2515 5401 5367 2504 5265 
4 2 5540 5535 
3 9 5265 5224 2339 2286 1171 2051 5013 335 1329 
1 4 5265 5208 2490 1883 
5 4 3024 976 1030 5890 
4 4 901 2577 1736 5601 
2 7 5890 5946 158 1221 893 2284 6143 
3 5 2808 5773 2312 5684 2177 
3 5 2808 3162 527 5928 5971 
2 5 2808 119 149 5705 913 
3 4 1241 5534 5509 5535 
4 6 1241 3113 5463 247 2345 5305 
2 7 5265 2125 5283 5274 5295 5317 5305 
4 5 5331 2588 5341 2304 5305 
2 5 5601 2316 5557 5528 1241 
3 6 5533 5485 5449 5409 165 5331 
4 5 5399 5418 159 1884 5331 
2 7 5533 5527 5570 19 5550 1570 5521 
3 2 5533 5601 
3 7 2177 2860 5577 5526 2088 3143 5445 
3 7 2177 2805 268 5508 5466 1866 5429 
2 3 913 2310 836 
4 6 5404 1122 5325 780 816 5156 
4 5 5156 5144 5133 687 1654 
4 11 1654 5095 3084 5149 5172 757 5243 2935 2758 5359 5399 
4 4 5404 1449 5457 5491 
3 4 5556 287 5686 940 
4 6 5556 5548 1672 1529 5549 5564 
5 4 5890 5844 2278 940 
3 4 940 1825 207 1255 
3 8 1255 787 5819 5831 426 2715 5945 5971 
3 4 913 2455 5710 1255 
5 6 6143 6095 6047 6009 5995 5971 
3 6 5149 2842 5264 1345 5353 1679 
2 7 5491 2521 5441 2172 3221 5417 1679 
3 3 5491 5511 5556 
3 4 1679 2567 5512 5564 
3 7 940 995 5781 5762 53 67 1803 
2 4 1803 5972 6018 6055 
2 4 1187 3267 5712 961 
2 5 961 5775 1702 1011 2726 
4 3 6073 2546 1044 
2 7 1044 6027 5961 5910 2924 5792 5752 
5 3 6021 6049 201 
2 2 4492 4453 
5 3 6055 22 3024 
1 5 5156 2937 1720 5066 120 
4 3 5206 5137 5136 
4 10 345 2859 1228 4984 2676 1761 262 4809 4760 21 
3 4 4820 4837 844 2676 
2 3 1050 2895 3942 
3 5 3904 1995 3861 3885 3906 
3 2 3904 3860 
2 5 4538 2477 2911 1747 4520 
3 4 222 1786 375 4117 
4 3 2456 6451 2078 
4 4 6418 6428 2213 6440 
3 5 6440 2939 6421 6420 2730 
3 3 2730 406 2933 
4 5 2187 6374 1508 3056 2933 
4 5 2187 1474 1364 6325 943 
3 9 2456 6464 6475 1154 2356 6488 212 903 1344 
3 4 6346 1269 2382 93 
3 3 2933 6310 6287 
4 6 943 1807 6297 2855 6251 6222 
4 4 943 1896 6270 6243 
3 3 2078 125 2730 
3 5 1251 6447 2143 1499 968 
4 9 6261 6287 2632 1574 2863 6280 1986 6318 93 
3 4 6346 1578 1898 1294 
3 4 2203 2904 6449 968 
4 4 968 1326 2496 1344 
3 9 1344 6485 1235 6478 6484 2486 6466 2493 2203 
3 7 694 6385 838 582 811 1362 2203 
3 3 316 6368 694 
3 3 93 626 6314 
4 3 582 6434 968 
4 3 1294 3029 2730 
4 3 1251 1290 2078 
3 8 6070 1974 3130 2807 5850 2417 5807 5755 
4 3 6243 1575 1253 
4 5 6261 1201 6222 2539 1253 
4 3 6261 3274 1977 
3 4 1301 5935 5941 5894 
3 7 5894 5958 1935 6041 6088 2238 1977 
3 5 1263 2124 6160 6171 1977 
3 4 1301 5907 5856 3284 
3 7 3284 1202 5888 1395 5962 46 2389 
3 8 6243 6214 6227 1068 3270 6199 1530 2464 
4 4 5632 1256 552 5559 
3 6 2238 2950 6096 2372 2373 6070 
3 3 1253 1644 6070 
3 4 5993 941 5977 5943 
4 5 5559 2074 2034 5732 5764 
4 7 5559 1855 5537 445 5494 5460 1273 
3 22 6036 6081 3089 2779 271 2136 6218 3127 6249 2418 6273 6266 6284 2431 6283 6293 6313 6292 6265 3330 2575 2027 
1 3 6036 253 2044 
3 7 2044 2582 1532 1180 2176 1261 5703 
3 13 2044 3112 2087 6013 1689 6045 1731 6132 740 2735 6157 776 2027 
3 10 5412 5434 2522 5487 5482 5501 5543 2380 515 1296 
4 5 5559 5515 5465 5412 3064 
4 12 5543 163 5582 2791 5662 2857 965 5701 1750 5758 2363 3284 
3 6 5993 3264 6065 6083 69 6150 
2 3 419 5997 5959 
1 6 5785 59 735 2010 1959 5938 
3 5 69 1577 6008 5965 5952 
4 5 5764 1748 1282 5944 5993 
3 6 5764 5788 2714 1859 5735 5722 
4 9 5412 30 5389 3204 2154 114 5255 252 5163 
2 6 5163 5245 1374 2959 263 1273 
3 6 5163 5099 5050 2809 197 4929 
4 3 1273 1211 5422 
3 5 6070 6082 1924 5981 5943 
3 6 5632 1218 2681 5816 2884 5943 
4 5 5632 5676 2028 5692 1296 
3 8 5422 5461 3251 5567 5614 2249 5681 5722 
3 6 4929 770 498 1814 4977 1234 
3 8 4929 2481 1639 1459 4652 4607 2823 4522 
3 11 4300 4346 4396 4484 1110 1809 4670 4713 38 3188 4849 
3 10 5422 5383 5346 5306 3146 5291 3035 5238 5231 5227 
3 4 4797 2012 297 4849 
2 6 5227 2399 1787 5061 332 1234 
3 7 4849 4885 2263 4930 4966 2691 1234 
1 10 5785 1399 1041 5675 1863 5574 5591 5538 2245 5450 
2 8 5450 5435 1439 5397 3203 5316 1589 5285 
2 13 1128 1660 5088 2563 5143 1419 5183 5188 5187 5180 5203 2677 5285 
1 5 2018 3624 1324 3309 536 
2 7 3757 72 3806 904 3849 5 3843 
2 5 3820 3808 1380 1275 3757 
2 9 4450 290 4350 4299 2001 3040 586 1104 4030 
3 3 679 4349 2227 
2 7 4098 1340 4072 4040 4041 2327 798 
1 5 301 4121 2943 4173 1422 
2 3 1613 243 1641 
3 15 4196 4186 4172 4134 56 2545 4126 31 1854 4201 1613 4234 450 3235 1204 
3 8 3855 3858 686 3830 1107 911 3796 3829 
3 9 3643 256 3689 3705 737 3714 2336 3782 3830 
2 11 81 939 3257 2832 111 4392 4361 2674 1512 3043 2001 
2 6 255 4237 1304 4306 3148 4392 
2 4 1306 4133 3078 4152 
2 4 1306 4108 1615 1104 
2 5 4298 1023 4399 2329 4502 
2 5 2526 4429 4445 4417 679 
2 4 3272 4190 1472 3040 
3 4 2773 4125 4156 3272 
1 5 301 2430 4187 4202 1468 
2 2 81 488 
2 3 4392 2679 4526 
2 3 679 4494 4546 
3 4 4769 3317 2984 4657 
1 4 5077 1983 1193 5048 
2 3 2502 1352 4152 
3 4 3829 2155 2181 1396 
2 5 3829 1653 1143 3931 752 
1 5 4298 4269 4291 4260 2001 
2 5 4298 2951 4316 2797 679 
2 4 781 4656 785 4718 
2 3 1361 5279 5305 
2 3 2572 5294 5331 
2 4 5133 5097 160 2944 
2 4 2018 2599 188 3641 
3 14 2389 2888 6122 6142 133 6213 6235 6256 1915 6192 2106 6257 6286 93 
1 2 1654 1772 
1 3 836 5481 5445 
1 2 2805 3226 
1 2 2653 1720 
1 4 5156 2279 5074 5027 
3 5 6324 774 2066 6319 3154 
2 7 3906 3938 1604 3987 2055 3976 3953 
2 8 3791 3758 1538 3108 817 1992 1113 3300 
2 11 1148 1095 3937 3966 3997 3954 3935 3308 1521 3886 3897 
2 4 4122 3237 2806 4136 
1 5 3968 3952 1806 3889 5 
2 12 3757 2973 3706 635 1707 3315 536 3601 3591 2641 1759 3554 
1 6 3315 3644 3648 3659 485 3691 
2 6 3706 3692 342 949 2386 2018 
1 5 3630 560 3119 3688 3700 
1 5 3630 3617 3603 162 3560 
1 9 3601 3577 1888 3550 953 1749 3552 2359 2865 
2 4 1198 506 623 2865 
3 4 116 4019 984 4098 
2 4 3576 3599 3028 3625 
4 6 3510 1584 3479 331 3438 305 
1 5 1112 1389 4856 2232 488 
3 2 714 255 
1 4 798 205 4076 301 
2 12 798 3965 3936 3915 574 596 3947 3969 460 747 4114 1422 
1 5 1422 4191 4209 4250 487 
3 4 4098 4135 4151 4196 
3 4 2712 4869 4826 1123 
1 9 1297 1153 3365 1648 958 1721 250 2180 453 
1 3 2160 6442 6430 
1 4 6456 327 1137 2160 
1 16 2667 954 6291 885 1150 6358 929 6380 6393 742 157 2974 2702 373 2781 2160 
1 6 6465 2273 6467 1036 6454 2160 
4 2 3923 3888 
3 5 4136 4161 2118 4251 1774 
3 7 2912 318 4654 4638 145 1464 21 
2 6 2912 3225 2920 4535 2746 1827 
1 5 4926 1118 5001 5037 2059 
4 6 2813 2038 1522 5845 2409 901 
5 6 5564 5521 5477 5475 5425 5399 
5 7 5564 5606 5654 2305 5738 5765 2813 
5 4 1869 6038 6079 257 
5 9 2166 398 6267 1847 1611 6180 1785 6106 6067 
2 5 201 6135 6156 1762 6195 
2 7 3791 926 3836 3865 3879 2384 525 
2 11 3953 2270 1236 3933 3325 3882 3190 3792 704 3724 840 
1 6 1169 3759 788 1942 1939 1962 
2 19 1128 5093 2283 3321 5242 5229 5268 5308 2822 5323 5329 5369 5338 1886 5322 1605 3230 3062 5517 
2 3 5285 5314 3230 
3 4 419 6097 2792 6154 
2 6 4563 416 241 4324 4303 2138 
2 6 2572 2613 5082 852 2672 2140 
1 6 2023 1713 4297 3106 2794 3262 
1 5 4244 610 4228 4211 1503 
1 6 4196 726 2890 631 2416 372 
3 8 6036 2725 5956 1969 5872 5839 1957 5703 
2 6 2944 678 4886 1687 249 4816 
1 4 1565 3602 2103 3564 
2 4 5429 3149 2254 2919 
1 6 5445 1874 1317 2520 5430 5404 
1 3 3335 584 1558 
2 5 3376 291 1004 3381 227 
2 7 1742 4465 4431 1076 2047 2405 4628 
3 8 372 2301 87 4603 4648 2642 4745 4797 
3 20 372 2377 4549 1209 2610 2396 2240 4541 135 4542 1393 4609 4610 17 4592 4622 4604 147 4659 4628 
3 5 5062 1752 4726 4685 4628 
3 5 5062 2233 4737 2989 4622 
4 19 4719 1438 4660 2734 2992 2526 4390 4345 3071 4277 2761 2511 2227 1185 4178 4149 948 1360 1631 
1 5 3763 144 2463 1931 2332 
2 3 4038 3292 2773 
3 25 3689 3672 1891 3709 1612 3740 2906 2942 2949 3326 3855 3880 2134 3913 2821 3956 3990 4031 4038 1054 4077 1730 4167 714 3278 
2 12 3278 101 1555 4293 1067 2295 4355 1239 878 4489 4532 4585 
1 7 4585 1084 4618 2617 4709 4696 81 
3 5 3289 3772 1729 3800 3829 
2 8 2821 3946 2732 752 4026 576 3025 4030 
2 7 255 4266 4307 935 4430 1265 3257 
2 8 101 4279 802 2229 2355 1284 4488 1265 
1 3 1284 912 2617 
3 7 1396 2407 443 2226 3989 3076 2502 
3 5 4030 1355 3927 2211 1396 
2 7 2018 3620 413 2110 3557 2362 623 
2 3 2865 3490 3466 
1 6 3641 228 560 1674 3655 803 
3 4 2502 1477 839 1631 
2 4 4152 4215 978 4316 
3 3 316 6338 6314 
2 7 5062 2751 1330 4915 2678 4989 1128 
2 10 1234 4888 1547 4875 4874 4823 2738 2076 4661 2823 
2 10 4888 2646 2799 10 4662 4608 4646 4590 4533 4484 
3 16 5288 3055 2137 823 5179 5119 5091 918 5006 4958 4933 508 2861 4861 4814 2481 
2 5 918 5078 2325 5153 5163 
3 9 6154 6112 437 6094 1862 2349 2323 5998 683 
3 7 4849 1714 3008 4998 5031 5086 5125 
3 6 5227 755 1553 1440 5124 5125 
3 10 1530 6150 1183 275 6172 1230 118 2963 705 6097 
3 6 5722 1595 5812 5853 5895 5952 
2 5 5952 5994 944 6093 1230 
3 14 5843 5814 2067 5881 5916 5966 2722 5960 5927 3135 5970 5938 5908 683 
3 2 2323 5959 
3 9 5959 5903 1406 5842 5778 2929 2578 2144 5729 
3 7 5722 5749 1693 5729 210 3147 1300 
3 8 5952 5925 1051 5937 5926 2222 2706 5842 
2 19 5843 5817 2242 5772 5726 5689 5679 1243 5624 5605 2981 571 5523 5472 1835 5427 665 5542 5517 
2 9 5843 5779 1299 3046 5669 5619 5554 660 5517 
3 21 4609 4689 4741 2352 4846 131 510 1925 4921 4960 3091 4943 4946 4908 1246 2804 1351 507 2058 1745 4648 
3 2 6192 2061 
2 5 5180 5101 1270 5007 3091 
2 3 3429 692 2509 
2 7 1980 2708 556 3410 2509 1313 1457 
2 4 3386 637 3387 2540 
1 5 453 223 150 3346 888 
2 4 987 3389 2100 895 
2 4 3415 128 1229 1004 
1 2 2145 227 
3 4 3476 521 3483 1871 
3 4 4563 193 4620 3233 
3 5 4563 14 4623 2537 1501 
3 3 8223 4587 4630 
2 4 4492 4574 74 2748 
2 3 2748 4742 249 
2 6 592 528 4278 457 4341 4324 
2 3 3295 4385 592 
1 4 2685 4314 206 4303 
2 3 4796 2525 4895 
2 3 2800 1608 4554 
2 4 2525 922 4872 1686 
2 6 4899 4917 4953 1417 4912 2140 
1 3 2735 791 6284 
1 3 740 6184 2136 
3 7 5826 5783 170 2971 3012 5713 2208 
3 16 2208 2264 5825 3114 2798 3195 467 2556 6111 3322 6058 6033 914 5974 5950 41 
1 8 2357 3899 1661 3910 36 3186 3884 3879 
1 5 1113 869 84 3632 2090 
1 5 817 3061 2342 3094 3665 
2 2 3793 2926 
1 7 1566 341 1998 1409 1989 821 826 
1 4 2166 966 771 1379 
2 13 940 3180 1072 5635 5665 2291 5654 151 5690 2298 5666 1091 1736 
1 2 3997 897 
1 5 4065 731 4110 2299 1573 
1 3 3966 4027 4052 
1 7 772 350 680 4205 4176 4146 1503 
1 3 6197 6174 6158 
1 4 6353 6334 655 473 
2 6 5901 5931 5949 5930 1018 3195 
