
state={
	id=140
	name="STATE_140"

	history={
		owner = ORI
		add_core_of = ORI
		buildings = {
			infrastructure = 3
			industrial_complex = 3
			arms_factory = 1
			dockyard = 0
			5998 = {
				naval_base = 4
			}
			6112 = {
				naval_base = 2
			}

		}
		victory_points = {
			6112 10 
		}
		victory_points = {
			5998 30 
		}

	}

	provinces={
		63 278 419 437 459 468 504 509 566 567 633 683 705 831 871 900 1051 1328 1336 1337 1402 1406 1479 1581 1681 1812 1862 1863 1936 1988 2049 2126 2144 2179 2205 2222 2245 2253 2271 2323 2349 2426 2548 2578 2603 2618 2631 2637 2706 2739 2792 2872 2918 2929 2963 3065 3116 3157 3316 5483 5531 5532 5553 5561 5573 5585 5603 5604 5618 5628 5643 5647 5668 5683 5688 5697 5708 5742 5746 5760 5771 5778 5797 5798 5813 5836 5842 5869 5885 5889 5903 5911 5922 5926 5934 5937 5953 5959 5983 5989 5997 5998 6024 6054 6094 6097 6112 6154 6207 
	}
	manpower=24928913
	buildings_max_level_factor=1.000
	state_category=large_city
	local_supplies=0.000
}
