state={
	id=141
	name="STATE_141"
	history={
		owner = ORI
		add_core_of = ORI
		buildings = {
			infrastructure = 3
			industrial_complex = 3
			arms_factory = 1

		}
		victory_points = {
			1439 10 
		}

	}
	resources={
		steel=17.000
		tungsten=9.000
	}
	provinces={
		51 96 106 280 314 322 442 466 606 622 745 853 997 1039 1130 1138 1167 1178 1208 1226 1391 1407 1439 1440 1553 1590 1594 1652 1777 1918 1994 2097 2175 2315 2368 2400 2458 2508 2553 2608 2615 2630 2871 2956 3057 3059 3107 3158 4892 4908 4920 4935 4936 4943 4946 4981 4982 4988 4994 5031 5035 5064 5079 5086 5087 5124 5125 5126 5135 5165 5176 5202 5219 5221 5239 5240 5241 5254 5266 5267 5284 5303 5313 5319 5334 5342 5355 5358 5363 5364 5374 5396 5407 5435 5439 5447 5450 5462 
	}
	manpower=22909206
	buildings_max_level_factor=1.000
	state_category=industrialized_metropolis
	local_supplies=0.000
}
