state={
	id=3
	name="STATE_3"
	history={
		owner = ORI
		add_core_of = ORI
		buildings = {
			infrastructure = 4
			industrial_complex = 7
			arms_factory = 2
			dockyard = 3
			5318 = {
				naval_base = 10

			}

		}
		victory_points = {
			5412 60 
		}
		victory_points = {
			5318 5
		}

	}
	resources={
		steel=19.000
		chromium=13.000
		tungsten=9.000
		rubber=6.000
	}
	provinces={
		30 33 37 52 114 154 163 197 204 210 226 238 251 252 263 304 307 320 337 352 445 482 499 508 515 551 552 559 645 734 746 751 755 823 875 917 918 938 1005 1082 1097 1099 1211 1218 1222 1237 1256 1272 1273 1293 1296 1300 1335 1357 1374 1385 1387 1415 1418 1496 1520 1526 1534 1591 1595 1623 1693 1709 1716 1719 1746 1763 1775 1787 1840 1844 1855 1868 1873 1889 1906 1940 1961 1978 2025 2028 2034 2068 2074 2137 2154 2197 2219 2225 2249 2251 2255 2293 2302 2325 2331 2369 2380 2399 2408 2429 2467 2480 2487 2505 2522 2587 2607 2635 2681 2688 2756 2791 2801 2809 2839 2861 2866 2880 2905 2914 2923 2925 2931 2959 2968 2993 3007 3022 3035 3055 3064 3073 3132 3141 3146 3147 3150 3181 3202 3204 3206 3215 3222 3228 3251 3253 3279 4817 4861 4866 4890 4901 4933 4958 4965 4971 5006 5011 5015 5030 5050 5053 5059 5060 5071 5078 5091 5099 5100 5104 5110 5119 5123 5132 5153 5154 5155 5159 5163 5164 5175 5179 5186 5201 5210 5227 5231 5238 5245 5246 5251 5252 5253 5255 5259 5273 5288 5289 5291 5292 5302 5306 5307 5311 5312 5318 5333 5337 5345 5346 5348 5349 5354 5357 5370 5373 5377 5378 5383 5384 5387 5389 5390 5391 5395 5403 5410 5412 5422 5423 5426 5434 5437 5438 5451 5452 5453 5460 5461 5465 5469 5470 5476 5482 5487 5490 5494 5495 5496 5501 5502 5507 5515 5516 5520 5536 5537 5541 5543 5544 5551 5552 5559 5560 5567 5572 5582 5583 5584 5590 5602 5608 5614 5631 5632 5633 5637 5641 5642 5650 5651 5662 5676 5677 5681 5692 5693 5707 5718 5719 5720 5722 5729 5732 5735 5741 5749 5755 5759 5769 5770 5787 5816 5828 5835 5850 5874 5875 
	}
	manpower=30125351
	buildings_max_level_factor=1.000
	state_category=industrial_heartland
	local_supplies=0.000
}
